 r	t	p
   1.0000000000000000      	   1.3013159942003885      	   1.5141221223452170
   1.0000000000000000      	   1.2948932954851031      	   1.5248838465889236
   1.0000000000000000      	   1.2996071551948891      	   1.5165930059409309
   1.0000000000000000      	   1.2952604369017235      	   1.5241848003597829
   1.0000000000000000      	   1.2954509907673488      	   1.5238244956482607
   1.0000000000000000      	   1.3008454599675758      	   1.5148088666741890
   1.0000000000000000      	   1.3019527429225510      	   1.5132685041708474
   1.0000000000000000      	   1.2953231672389975      	   1.5240878012458026
   1.0000000000000000      	   1.3016096966399844      	   1.5137499580112335
   1.0000000000000000      	   1.3036670005424280      	   1.5110167380077659
   1.0000000000000000      	   1.3044658575640342      	   1.5100095029437717
   1.0000000000000000      	   1.3084714325145381      	   1.5054634729052294
   1.0000000000000000      	   1.3182401087895936      	   1.4969227219346217
   1.0000000000000000      	   1.3050672599008646      	   1.5092815058506166
   1.0000000000000000      	   1.3132178513742137      	   1.5010278619108368
   1.0000000000000000      	   1.3107826046931597      	   1.5032314564943439
   1.0000000000000000      	   1.3110409779888559      	   1.5029942315158160
   1.0000000000000000      	   1.3097595648604194      	   1.5042104336088564
   1.0000000000000000      	   1.3190185055158372      	   1.4963449977149781
   1.0000000000000000      	   1.3074162378706073      	   1.5066033052574868
   1.0000000000000000      	   1.3081441391223154      	   1.5058368839102882
   1.0000000000000000      	   1.3103522612488856      	   1.5036596294193896
   1.0000000000000000      	   1.3219995308381933      	   1.4941582929297577
   1.0000000000000000      	   1.3215961333807575      	   1.4944514801484121
   1.0000000000000000      	   1.3108811773325297      	   1.5031739097418588
   1.0000000000000000      	   1.3220233753391299      	   1.4941507580470117
   1.0000000000000000      	   1.3360267384421003      	   1.4852231375543914
   1.0000000000000000      	   1.3260750203042957      	   1.4913680117481658
   1.0000000000000000      	   1.3558148885799159      	   1.4749521990867256
   1.0000000000000000      	   1.3653971265843132      	   1.4703264611442990
   1.0000000000000000      	   1.3383177754485214      	   1.4839391881647908
   1.0000000000000000      	   1.3433324711655583      	   1.4812212836098855
   1.0000000000000000      	   1.3436011242187453      	   1.4810853525543122
   1.0000000000000000      	   1.4067173592199242      	   1.4511649281408154
   1.0000000000000000      	   1.4036402065213391      	   1.4526420061711796
   1.0000000000000000      	   1.3909474655163667      	   1.4585910151374133
   1.0000000000000000      	   1.3837000580345717      	   1.4619127959256843
   1.0000000000000000      	   1.3692956633567104      	   1.4685188096989730
   1.0000000000000000      	   1.3678734529493422      	   1.4691901545433230
   1.0000000000000000      	   1.4808422305209907      	   1.4102439426683757
   1.0000000000000000      	   1.4074176342396374      	   1.4508481431254641
   1.0000000000000000      	   1.4953949043646866      	   1.4010497364450951
   1.0000000000000000      	   1.4042642028113106      	   1.4523679624279460
   1.0000000000000000      	   1.4666564823182433      	   1.4188917031066368
   1.0000000000000000      	   1.4864468834593243      	   1.4067345070926982
   1.0000000000000000      	   1.6957315164592512      	   1.1323167046750477
   1.0000000000000000      	   1.6909975244917335      	   1.1397097057997563
   1.0000000000000000      	   1.7064588217359571      	   1.1154566746028476
   1.0000000000000000      	   1.7257783730263121      	   1.0827547592533306
   1.0000000000000000      	   1.7135373178977829      	   1.1039463495663147
   1.0000000000000000      	   1.7417223796241841      	   1.0522579730660777
   1.0000000000000000      	   1.8455520536637422      	  0.81507656649311266
   1.0000000000000000      	   1.8548367662283467      	  0.78712204160217536
   1.0000000000000000      	   1.8621165550854282      	  0.76469156564254392
   1.0000000000000000      	   1.8491271662717113      	  0.80445563122289798
   1.0000000000000000      	   1.8436266788872318      	  0.82063327008397802
   1.0000000000000000      	   1.8593531994055441      	  0.77347259500341947
   1.0000000000000000      	   1.8632553155497436      	  0.76098775946833153
   1.0000000000000000      	   1.8666263014984734      	  0.74923985527666237
   1.0000000000000000      	   1.8682674718494288      	  0.74335327395345974
   1.0000000000000000      	   1.8690152406579648      	  0.74079772012722567
   1.0000000000000000      	   1.8691132264388450      	  0.74048283829508177
   1.0000000000000000      	   1.8683131763913527      	  0.74322850887168956
   1.0000000000000000      	   1.8701827911367337      	  0.73712244789498349
   1.0000000000000000      	   1.8696798991779047      	  0.73868155837180882
   1.0000000000000000      	   1.8688597404020002      	  0.74138087770863281
   1.0000000000000000      	   1.8673921680766683      	  0.74656022789128507
   1.0000000000000000      	   1.8679930454746558      	  0.74441887364109205
   1.0000000000000000      	   1.8710294718682989      	  0.73474080545570508
   1.0000000000000000      	   1.8707551767331434      	  0.73551993425510487
   1.0000000000000000      	   1.8722527861613769      	  0.73161964842333338
   1.0000000000000000      	   1.8722140017980884      	  0.73172355969720226
   1.0000000000000000      	   1.8739322487168635      	  0.72807638164861410
   1.0000000000000000      	   1.8765548004121277      	  0.72395058445249227
   1.0000000000000000      	   1.8733958396634969      	  0.72914586288639449
   1.0000000000000000      	   1.8804678997037612      	  0.71975902317644269
   1.0000000000000000      	   1.8749069753556591      	  0.72640876432271961
   1.0000000000000000      	   1.8742157603109524      	  0.72760813289654025
   1.0000000000000000      	   1.8791005228151516      	  0.72104749061488271
   1.0000000000000000      	   1.8770544358684711      	  0.72336261821152803
   1.0000000000000000      	   1.8784012546894098      	  0.72179264187784786
   1.0000000000000000      	   1.8808512723945854      	  0.71949390379044531
   1.0000000000000000      	   1.8835880877039346      	  0.71743825707551112
   1.0000000000000000      	   1.8802585494429236      	  0.72001422324999897
   1.0000000000000000      	   1.8809127232407783      	  0.71947192207764765
   1.0000000000000000      	   1.8829021317467411      	  0.71795100762288255
   1.0000000000000000      	   1.8836395950907721      	  0.71744047987714465
   1.0000000000000000      	   1.8818939879602750      	  0.71872208396932080
   1.0000000000000000      	   1.8825643072293621      	  0.71822671974795294
   1.0000000000000000      	   1.8835208020872278      	  0.71755244773977811
   1.0000000000000000      	   1.8834145062436329      	  0.71763665341736749
   1.0000000000000000      	   1.8864350642370766      	  0.71566922360844343
   1.0000000000000000      	   1.8863203460365263      	  0.71574714503053627
   1.0000000000000000      	   1.8877895332708126      	  0.71488707995979661
   1.0000000000000000      	   1.8891151593547679      	  0.71411547844474654
   1.0000000000000000      	   1.8903978976922000      	  0.71336280329159174
   1.0000000000000000      	   1.8922507553989520      	  0.71224299815234982
   1.0000000000000000      	   1.8918696893610625      	  0.71248742849761304
   1.0000000000000000      	   1.8933427423880631      	  0.71158895946974654
   1.0000000000000000      	   1.8931276447577359      	  0.71173227268435668
   1.0000000000000000      	   1.8969762385458355      	  0.70922001908598831
   1.0000000000000000      	   1.8953580911389329      	  0.71032644350568519
   1.0000000000000000      	   1.8963263127189531      	  0.70968783713235095
   1.0000000000000000      	   1.8971087033674137      	  0.70915652265251028
   1.0000000000000000      	   1.8983588590376665      	  0.70827731797355431
   1.0000000000000000      	   1.8974117902416217      	  0.70896336347337674
   1.0000000000000000      	   1.8970313006864137      	  0.70924062547348488
   1.0000000000000000      	   1.8982711210479850      	  0.70837081794938883
   1.0000000000000000      	   1.8984528360087081      	  0.70824951766162314
   1.0000000000000000      	   1.8991339667976748      	  0.70775980072939992
   1.0000000000000000      	   1.8993498726394131      	  0.70760957832338967
   1.0000000000000000      	   1.9010778108491302      	  0.70630127850685531
   1.0000000000000000      	   1.8994111861379750      	  0.70758480652683520
   1.0000000000000000      	   1.9010546854636998      	  0.70634082814221433
   1.0000000000000000      	   1.9013614784517712      	  0.70611124776901224
   1.0000000000000000      	   1.9015176872920647      	  0.70599904493377630
   1.0000000000000000      	   1.9016376352611513      	  0.70591524664612071
   1.0000000000000000      	   1.9015734719730382      	  0.70597733416194874
   1.0000000000000000      	   1.9029878207675308      	  0.70485063413689775
   1.0000000000000000      	   1.9025034089160839      	  0.70525486109520474
   1.0000000000000000      	   1.9045188420235928      	  0.70360149623079338
   1.0000000000000000      	   1.9077508001972903      	  0.70073365322360393
   1.0000000000000000      	   1.9080958762488591      	  0.70042063259292686
   1.0000000000000000      	   1.9049157410234359      	  0.70329892172582786
   1.0000000000000000      	   1.9070904224915273      	  0.70138301608095266
   1.0000000000000000      	   1.9058467443670866      	  0.70251425672810952
   1.0000000000000000      	   1.9078409734936810      	  0.70071405381756935
   1.0000000000000000      	   1.9062636781180209      	  0.70218320085950259
   1.0000000000000000      	   1.9096779427619281      	  0.69892991138026062
   1.0000000000000000      	   1.9084476554556362      	  0.70019071990180048
   1.0000000000000000      	   1.9078305919244436      	  0.70079153438765418
   1.0000000000000000      	   1.9084610744252932      	  0.70020622633589558
   1.0000000000000000      	   1.9094797541985340      	  0.69919967400877603
   1.0000000000000000      	   1.9102215371719893      	  0.69841423718573248
   1.0000000000000000      	   1.9095516184275652      	  0.69915599057138267
   1.0000000000000000      	   1.9104136044927349      	  0.69823044414462154
   1.0000000000000000      	   1.9112210959345606      	  0.69729883250553126
   1.0000000000000000      	   1.9107395877397608      	  0.69788943613478327
   1.0000000000000000      	   1.9107576212067863      	  0.69788640587555739
   1.0000000000000000      	   1.9114401930398472      	  0.69708687996155860
   1.0000000000000000      	   1.9121643605737395      	  0.69617918468964268
   1.0000000000000000      	   1.9115651103552227      	  0.69697081300788577
   1.0000000000000000      	   1.9121340447964947      	  0.69626136665563632
   1.0000000000000000      	   1.9123423434998310      	  0.69599963575057522
   1.0000000000000000      	   1.9128467287281212      	  0.69528680128523046
   1.0000000000000000      	   1.9127846441984080      	  0.69540573767032798
   1.0000000000000000      	   1.9132754826409719      	  0.69464096741544812
   1.0000000000000000      	   1.9128453790794375      	  0.69536191503046607
   1.0000000000000000      	   1.9136937609635782      	  0.69394122584574114
   1.0000000000000000      	   1.9129818226977884      	  0.69520083968218549
   1.0000000000000000      	   1.9130579508933201      	  0.69510626090957917
   1.0000000000000000      	   1.9145521711990119      	  0.69193985394847390
   1.0000000000000000      	   1.9131072586888518      	  0.69508071233855717
   1.0000000000000000      	   1.9132737824220050      	  0.69483627741736032
   1.0000000000000000      	   1.9148848932635909      	  0.69041536629484113
   1.0000000000000000      	   1.9143682868737852      	  0.69270972003159670
   1.0000000000000000      	   1.9148205447174922      	  0.69108052631183292
   1.0000000000000000      	   1.9146124613948203      	  0.69208343516504445
   1.0000000000000000      	   1.9146562511811989      	  0.69198372915458761
   1.0000000000000000      	   1.9149035314378917      	  0.69087903900104719
   1.0000000000000000      	   1.9150427784598754      	  0.68959737981439362
   1.0000000000000000      	   1.9150486296213016      	  0.68982307890945471
   1.0000000000000000      	   1.9150562824073523      	  0.68996643255955026
   1.0000000000000000      	   1.9150994296092989      	  0.68928008678360808
   1.0000000000000000      	   1.9151143771486903      	  0.68896575176638231
   1.0000000000000000      	   1.9150908611178816      	  0.68820160020556898
   1.0000000000000000      	   1.9148381632731302      	  0.68671968216574830
   1.0000000000000000      	   1.9150375274892528      	  0.68751086127323235
   1.0000000000000000      	   1.9151171032454448      	  0.68795783306326341
   1.0000000000000000      	   1.9151375468824638      	  0.68798755557638147
   1.0000000000000000      	   1.9151127802785011      	  0.68766361946212795
   1.0000000000000000      	   1.9149633680946718      	  0.68685362319386412
   1.0000000000000000      	   1.9147031554503882      	  0.68600554627617560
   1.0000000000000000      	   1.9150173587740298      	  0.68692398360044038
   1.0000000000000000      	   1.9149342310922055      	  0.68653042490571825
   1.0000000000000000      	   1.9148545014736651      	  0.68623717925741590
   1.0000000000000000      	   1.9149857330117745      	  0.68657592640408294
   1.0000000000000000      	   1.9151357467085262      	  0.68703384508517651
   1.0000000000000000      	   1.9152402261262942      	  0.68744611938208366
   1.0000000000000000      	   1.9145061813736597      	  0.68510906711567865
   1.0000000000000000      	   1.9146993468421698      	  0.68555438497438614
   1.0000000000000000      	   1.9120371193991872      	  0.68043019619653000
   1.0000000000000000      	   1.9115536466903988      	  0.67967407140350633
   1.0000000000000000      	   1.9130736385498937      	  0.68198923714001869
   1.0000000000000000      	   1.9124340804008904      	  0.68096108321859872
   1.0000000000000000      	   1.9108898559000926      	  0.67861544177423394
   1.0000000000000000      	   1.9141958063758755      	  0.68407459143377125
   1.0000000000000000      	   1.9142301448093715      	  0.68410820916716641
   1.0000000000000000      	   1.9138077651523764      	  0.68317198315871686
   1.0000000000000000      	   1.9138052974369668      	  0.68312867306087499
   1.0000000000000000      	   1.9141630963918395      	  0.68383147982509718
   1.0000000000000000      	   1.9139261711451825      	  0.68329303971720035
   1.0000000000000000      	   1.9129078550845178      	  0.68146326219928521
   1.0000000000000000      	   1.9136741444200418      	  0.68272267088186622
   1.0000000000000000      	   1.9140049053265922      	  0.68332976790593181
   1.0000000000000000      	   1.9131630618054842      	  0.68176493003310890
   1.0000000000000000      	   1.9141783018305720      	  0.68360145392257277
   1.0000000000000000      	   1.9131699258454853      	  0.68171147158118606
   1.0000000000000000      	   1.9128569762946501      	  0.68119951074334295
   1.0000000000000000      	   1.9122775861661498      	  0.68029237113102559
   1.0000000000000000      	   1.9127306930619938      	  0.68094379724746334
   1.0000000000000000      	   1.9126267543315287      	  0.68075470884383216
   1.0000000000000000      	   1.9097916890748876      	  0.67668972500494073
   1.0000000000000000      	   1.9090787122493011      	  0.67574969158195386
   1.0000000000000000      	   1.9091488111566755      	  0.67581460356656953
   1.0000000000000000      	   1.9088606766788050      	  0.67542034900617864
   1.0000000000000000      	   1.9050515117521942      	  0.67053195093853424
   1.0000000000000000      	   1.9095538986341392      	  0.67625580302068788
   1.0000000000000000      	   1.9104983264330984      	  0.67745735614529656
   1.0000000000000000      	   1.9065771533919396      	  0.67239140441091150
   1.0000000000000000      	   1.9083568924433973      	  0.67464512811488342
   1.0000000000000000      	   1.9103434398337016      	  0.67716212698978051
   1.0000000000000000      	   1.9096037219568940      	  0.67618328442454334
   1.0000000000000000      	   1.9058554681916229      	  0.67138241740842641
   1.0000000000000000      	   1.9047520818295003      	  0.66995244662661779
   1.0000000000000000      	   1.9047434285041216      	  0.66991551682575456
   1.0000000000000000      	   1.9025244315837049      	  0.66696274048158444
   1.0000000000000000      	   1.9020870121344733      	  0.66633955256627642
   1.0000000000000000      	   1.9020756056131138      	  0.66629690749640358
   1.0000000000000000      	   1.9032038639187996      	  0.66779613212208744
   1.0000000000000000      	   1.9020944633494048      	  0.66626717135841063
   1.0000000000000000      	   1.9010342934113642      	  0.66472976303092735
   1.0000000000000000      	   1.9008767910051860      	  0.66447547864245249
   1.0000000000000000      	   1.8996104850150206      	  0.66257655546531624
   1.0000000000000000      	   1.9004096662850214      	  0.66373952061387520
   1.0000000000000000      	   1.9012680481008448      	  0.66494102822013479
   1.0000000000000000      	   1.9002106166213637      	  0.66338418964040402
   1.0000000000000000      	   1.9003208912170986      	  0.66351396182466460
   1.0000000000000000      	   1.8997110911226360      	  0.66256475833211514
   1.0000000000000000      	   1.8996107435683618      	  0.66237427994036413
   1.0000000000000000      	   1.8996075393100382      	  0.66233378816170740
   1.0000000000000000      	   1.8992355919105064      	  0.66171684463429792
   1.0000000000000000      	   1.9023301260381107      	  0.66618901475309211
   1.0000000000000000      	   1.9043525959640604      	  0.66884584629428012
   1.0000000000000000      	   1.9062377473461500      	  0.67120918483718817
   1.0000000000000000      	   1.9044323329002739      	  0.66888039334007543
   1.0000000000000000      	   1.9033625730664347      	  0.66744412796146690
   1.0000000000000000      	   1.9000804962323228      	  0.66279993533225545
   1.0000000000000000      	   1.9020111521570127      	  0.66553839478143850
   1.0000000000000000      	   1.9016624547963330      	  0.66501584217556675
   1.0000000000000000      	   1.9006388485203565      	  0.66351189095419649
   1.0000000000000000      	   1.9001063650363359      	  0.66267825415193315
   1.0000000000000000      	   1.9010928842857873      	  0.66409066070862710
   1.0000000000000000      	   1.9008708503951419      	  0.66372893713787928
   1.0000000000000000      	   1.9001831523588741      	  0.66266736322325714
   1.0000000000000000      	   1.8993516679906242      	  0.66132463003964903
   1.0000000000000000      	   1.8992106378157330      	  0.66105512209908146
   1.0000000000000000      	   1.8989752286850310      	  0.66063233350777062
   1.0000000000000000      	   1.8994263190639376      	  0.66130179069603234
   1.0000000000000000      	   1.8991425534534616      	  0.66080256642011204
   1.0000000000000000      	   1.8991370588011216      	  0.66074382878740123
   1.0000000000000000      	   1.8987274804331471      	  0.66003372623740864
   1.0000000000000000      	   1.8991908654326024      	  0.66072773166305354
   1.0000000000000000      	   1.9004003647786716      	  0.66257555143553859
   1.0000000000000000      	   1.9005900880240612      	  0.66281244216458624
   1.0000000000000000      	   1.8999848091458653      	  0.66182462771779726
   1.0000000000000000      	   1.9006969826034008      	  0.66286962748144862
   1.0000000000000000      	   1.8999930848978943      	  0.66172856476923458
   1.0000000000000000      	   1.8996801007863087      	  0.66117934030858128
   1.0000000000000000      	   1.9000335653097895      	  0.66167902815823043
   1.0000000000000000      	   1.8995751933062826      	  0.66089648446349891
   1.0000000000000000      	   1.8997232080356246      	  0.66107177870777067
   1.0000000000000000      	   1.9000257752328851      	  0.66148937919104356
   1.0000000000000000      	   1.9003021560376587      	  0.66186169039242460
   1.0000000000000000      	   1.9001988673138168      	  0.66163784705009121
   1.0000000000000000      	   1.8995906222862622      	  0.66060996084044799
   1.0000000000000000      	   1.9002591795494950      	  0.66160420496673666
   1.0000000000000000      	   1.8998534804024223      	  0.66089703041334069
   1.0000000000000000      	   1.9000804846682242      	  0.66118920504431544
   1.0000000000000000      	   1.9008040279531064      	  0.66225415197504900
   1.0000000000000000      	   1.8990120480880814      	  0.65932127754763792
   1.0000000000000000      	   1.9008573977817600      	  0.66219804221740097
   1.0000000000000000      	   1.8999939250513878      	  0.66076770936563922
   1.0000000000000000      	   1.8999911889734280      	  0.66068850358691766
   1.0000000000000000      	   1.9006932455369676      	  0.66172280581119303
   1.0000000000000000      	   1.9012902156746265      	  0.66257184875061115
   1.0000000000000000      	   1.9005416233740453      	  0.66133028612689748
   1.0000000000000000      	   1.9020547375185075      	  0.66354090683968925
   1.0000000000000000      	   1.9018229971534433      	  0.66313214728138592
   1.0000000000000000      	   1.9021103005318516      	  0.66346869807085773
   1.0000000000000000      	   1.9021253019366104      	  0.66341202207271577
   1.0000000000000000      	   1.9021036159275173      	  0.66330117589752180
   1.0000000000000000      	   1.9028585010757959      	  0.66428284332010346
   1.0000000000000000      	   1.9032653873507823      	  0.66476019306065370
   1.0000000000000000      	   1.9040067786999990      	  0.66567755837866072
   1.0000000000000000      	   1.9058103792859740      	  0.66794732129746970
   1.0000000000000000      	   1.9066041362628101      	  0.66885845850645576
   1.0000000000000000      	   1.9060758508304740      	  0.66811532055120060
   1.0000000000000000      	   1.9065930440055987      	  0.66867572490461447
   1.0000000000000000      	   1.9073132674419440      	  0.66947577219400778
   1.0000000000000000      	   1.9078208687877514      	  0.67000416088166359
   1.0000000000000000      	   1.9072543543800284      	  0.66922489106153116
   1.0000000000000000      	   1.9083633298180831      	  0.67047473279272662
   1.0000000000000000      	   1.9088824384033423      	  0.67100023504647455
   1.0000000000000000      	   1.9095162088896636      	  0.67165567153901462
   1.0000000000000000      	   1.9100971960211108      	  0.67224417048004981
   1.0000000000000000      	   1.9105830464452700      	  0.67271544910002656
   1.0000000000000000      	   1.9108778302972302      	  0.67295806673986780
   1.0000000000000000      	   1.9121060548867910      	  0.67428332565798010
   1.0000000000000000      	   1.9128998694514840      	  0.67508458237418578
   1.0000000000000000      	   1.9135263463928307      	  0.67568279388738162
   1.0000000000000000      	   1.9147099020366278      	  0.67694467610907039
   1.0000000000000000      	   1.9153468207173918      	  0.67757646217838441
   1.0000000000000000      	   1.9165319606148801      	  0.67886152370648312
   1.0000000000000000      	   1.9172486312358727      	  0.67958047678431521
   1.0000000000000000      	   1.9181944199907650      	  0.68060599563303381
   1.0000000000000000      	   1.9189593408127030      	  0.68148038084796680
   1.0000000000000000      	   1.9195998825225677      	  0.68221037082657132
   1.0000000000000000      	   1.9203889546112749      	  0.68316346652508630
   1.0000000000000000      	   1.9211000307319606      	  0.68401728665893657
   1.0000000000000000      	   1.9218609785922836      	  0.68504109302598293
   1.0000000000000000      	   1.9225139417084165      	  0.68609439490185908
   1.0000000000000000      	   1.9231281611856623      	  0.68721121953475894
   1.0000000000000000      	   1.9236976535998687      	  0.68832491124439343
   1.0000000000000000      	   1.9241860954283483      	  0.68953446780677063
   1.0000000000000000      	   1.9244482381954269      	  0.69066587914656197
   1.0000000000000000      	   1.9245193445029833      	  0.69329307163194887
   1.0000000000000000      	   1.9242822352409061      	  0.69462005994980691
   1.0000000000000000      	   1.9239223459917332      	  0.69573709328821998
   1.0000000000000000      	   1.9232145530920148      	  0.69720194647158984
   1.0000000000000000      	   1.9224500467462147      	  0.69853608417184121
   1.0000000000000000      	   1.9214717851573653      	  0.69997535328529503
   1.0000000000000000      	   1.9203227010443784      	  0.70144527817778268
   1.0000000000000000      	   1.9188779972700554      	  0.70309284426046492
   1.0000000000000000      	   1.9174246316740136      	  0.70466628509210716
   1.0000000000000000      	   1.9159736564665379      	  0.70620770263875843
   1.0000000000000000      	   1.9143981474849425      	  0.70784064789164081
   1.0000000000000000      	   1.9125574404606442      	  0.70969341257376273
   1.0000000000000000      	   1.9104539128934452      	  0.71176216027155970
   1.0000000000000000      	   1.9079350185307486      	  0.71418667510860656
   1.0000000000000000      	   1.9053532344136752      	  0.71665726439007238
   1.0000000000000000      	   1.9030541118842246      	  0.71886844983605014
   1.0000000000000000      	   1.9010868705131378      	  0.72075105715307475
   1.0000000000000000      	   1.8990550318726511      	  0.72268567755174262
   1.0000000000000000      	   1.8961891488707403      	  0.72530919364276991
   1.0000000000000000      	   1.8941325155341060      	  0.72722909701327076
   1.0000000000000000      	   1.8920892351241778      	  0.72924911707670992
   1.0000000000000000      	   1.8908742245331041      	  0.73060718566546756
   1.0000000000000000      	   1.8865555191223371      	  0.73500413365291528
   1.0000000000000000      	   1.8841590125420877      	  0.73806600012023527
   1.0000000000000000      	   1.8816854701678751      	  0.74184656312617647
   1.0000000000000000      	   1.8804354695011245      	  0.74428411044767739
   1.0000000000000000      	   1.8776846953451665      	  0.75001920329213612
   1.0000000000000000      	   1.8754039179577651      	  0.75575969316990732
   1.0000000000000000      	   1.8716953366664653      	  0.76607062353352751
   1.0000000000000000      	   1.8687433300973506      	  0.77508452224130275
   1.0000000000000000      	   1.8633090031077850      	  0.79188471626419388
   1.0000000000000000      	   1.8579121615500669      	  0.80984420006217162
   1.0000000000000000      	   1.8525300279659165      	  0.82729063854507112
   1.0000000000000000      	   1.7742004775714966      	   1.0160463500299226
   1.0000000000000000      	   1.7338893191102709      	   1.0994699246116271
   1.0000000000000000      	   1.6342103552298848      	   1.3043483322332825
   1.0000000000000000      	   1.4396956839313204      	   1.4439314851395162
   1.0000000000000000      	   1.3866291545430238      	   1.4683559744232599
   1.0000000000000000      	   1.3379280791844357      	   1.4921699349244801
   1.0000000000000000      	   1.3187115067583985      	   1.5060361336837316
   1.0000000000000000      	   1.3097687629260082      	   1.5145389603324213
   1.0000000000000000      	   1.3860259370362076      	   2.0990134950529891
   1.0000000000000000      	   1.3831736585956973      	   2.0954481032903409
   1.0000000000000000      	   1.3800531558563758      	   2.0941151654380303
   1.0000000000000000      	   1.3773404982190789      	   2.0943739340777383
   1.0000000000000000      	   1.3738825817003570      	   2.0965367155816717
   1.0000000000000000      	   1.3702362156618269      	   2.1013258443483140
   1.0000000000000000      	   1.3686889116518608      	   2.1061712678534308
   1.0000000000000000      	   1.3688487734147348      	   2.1084082967846265
   1.0000000000000000      	   1.3707478178578976      	   2.1134014446893090
   1.0000000000000000      	   1.3722630819657298      	   2.1159778788623731
   1.0000000000000000      	   1.3750530926977924      	   2.1206221533855980
   1.0000000000000000      	   1.3771891063373061      	   2.1254724653556218
   1.0000000000000000      	   1.3784709854366588      	   2.1297758697578320
   1.0000000000000000      	   1.3796511030824328      	   2.1368584399585426
   1.0000000000000000      	   1.3801759768475355      	   2.1415051386001536
   1.0000000000000000      	   1.3805476614373697      	   2.1475843519663753
   1.0000000000000000      	   1.3806865052124340      	   2.1540917720325345
   1.0000000000000000      	   1.3807286546400737      	   2.1603984111238987
   1.0000000000000000      	   1.3808107143222876      	   2.1656929797990525
   1.0000000000000000      	   1.3809521014754276      	   2.1699488512652700
   1.0000000000000000      	   1.3816398738206268      	   2.1789169253524290
   1.0000000000000000      	   1.3820298128015291      	   2.1824058116380169
   1.0000000000000000      	   1.3828455862349507      	   2.1880482204212184
   1.0000000000000000      	   1.3842236382764304      	   2.1956478579913430
   1.0000000000000000      	   1.3851599112799242      	   2.2003440844688646
   1.0000000000000000      	   1.3845770421132573      	   2.1978699374142314
   1.0000000000000000      	   1.3862779864118244      	   2.2060439667211802
   1.0000000000000000      	   1.3876301196006930      	   2.2124739632370671
   1.0000000000000000      	   1.3898620696981681      	   2.2221206970608067
   1.0000000000000000      	   1.3918088829840654      	   2.2289783326631207
   1.0000000000000000      	   1.3933899950845301      	   2.2336510744275859
   1.0000000000000000      	   1.3959866298324100      	   2.2398040270012443
   1.0000000000000000      	   1.3995707295678359      	   2.2469347950263083
   1.0000000000000000      	   1.4037320134691242      	   2.2544195237416953
   1.0000000000000000      	   1.4082732778160412      	   2.2625590940036977
   1.0000000000000000      	   1.4136367027518766      	   2.2729204478734468
   1.0000000000000000      	   1.4206434319145036      	   2.2885927583186598
   1.0000000000000000      	   1.4331213533917360      	   2.3191418685423488
   1.0000000000000000      	   1.4796708109458503      	   2.4220407878852788
   1.0000000000000000      	   1.4951220790966813      	   2.4477790186864672
   1.0000000000000000      	   1.5126249738401949      	   2.4716682349737695
   1.0000000000000000      	   1.5320906094066302      	   2.4959511491783859
   1.0000000000000000      	   1.5492634880840985      	   2.5119821957642525
   1.0000000000000000      	   1.6701308063345923      	   2.6944149930794294
   1.0000000000000000      	   1.4240032589202594      	   2.9635013543953130
   1.0000000000000000      	   1.4170238400537722      	   2.9908783518824658
   1.0000000000000000      	   1.4145150792393857      	   3.0061321079760184
   1.0000000000000000      	   1.4132142301871764      	   3.0123487509857556
   1.0000000000000000      	   1.4120508027251619      	   3.0185884594993486
   1.0000000000000000      	   1.4113363108340673      	   3.0248925829950797
   1.0000000000000000      	   1.4114464874048760      	   3.0299075012764765
   1.0000000000000000      	   1.4123099066481650      	   3.0351633305195267
   1.0000000000000000      	   1.4140974506208013      	   3.0406795433880451
   1.0000000000000000      	   1.4161868005424647      	   3.0451931711618725
   1.0000000000000000      	   1.4204943161110442      	   3.0531295768737436
   1.0000000000000000      	   1.4259297742622246      	   3.0611462567647374
   1.0000000000000000      	   1.4336538763391733      	   3.0704163222454390
   1.0000000000000000      	   1.4444062767533148      	   3.0817600587536775
   1.0000000000000000      	   1.4629463886906307      	   3.0980932235393981
   1.0000000000000000      	   1.4919557409612560      	   3.1200614627015399
   1.0000000000000000      	   1.5475993862195436      	   3.1562672536551823
   1.0000000000000000      	   1.6390402128567081      	   3.2123147647106967
   1.0000000000000000      	   1.6709167520930968      	   3.2342301665393118
   1.0000000000000000      	   1.6892934297558388      	   3.2476557852790848
   1.0000000000000000      	   1.6990850743905108      	   3.2555852320885252
   1.0000000000000000      	   1.7079640252421446      	   3.2639413680718525
   1.0000000000000000      	   1.7127722698885284      	   3.2698195771958876
   1.0000000000000000      	   1.7159969374883857      	   3.2745047282834410
   1.0000000000000000      	   1.7191893496377417      	   3.2799913891677601
   1.0000000000000000      	   1.7212329034854239      	   3.2850963949062346
   1.0000000000000000      	   1.7231603585292747      	   3.2906254960646768
   1.0000000000000000      	   1.7241426827359370      	   3.2939911258623318
   1.0000000000000000      	   1.7246069727212254      	   3.2961445230476540
   1.0000000000000000      	   1.7252689287448872      	   3.3013101581830377
   1.0000000000000000      	   1.7249602656887488      	   3.3006816657510698
   1.0000000000000000      	   1.7255188461350477      	   3.3074194607473135
   1.0000000000000000      	   1.7260097898699596      	   3.3126189635796499
   1.0000000000000000      	   1.7259912208491732      	   3.3150702095718767
   1.0000000000000000      	   1.7255606544150117      	   3.3177248306556040
   1.0000000000000000      	   1.7252828757353955      	   3.3182534855086838
   1.0000000000000000      	   1.7242091313327197      	   3.3250045808634794
   1.0000000000000000      	   1.7237396884590703      	   3.3276436337374751
   1.0000000000000000      	   1.7230161771773662      	   3.3319629310204437
   1.0000000000000000      	   1.7220464664998438      	   3.3351083567727944
   1.0000000000000000      	   1.7210964047431545      	   3.3376742105349697
   1.0000000000000000      	   1.7192366276725608      	   3.3427353947067502
   1.0000000000000000      	   1.7173277203475745      	   3.3476847773812408
   1.0000000000000000      	   1.7157328142858483      	   3.3515683985996358
   1.0000000000000000      	   1.7123007968693662      	   3.3584529150292091
   1.0000000000000000      	   1.7109443794618484      	   3.3609158836122663
   1.0000000000000000      	   1.7133578658397495      	   3.3559401459476765
   1.0000000000000000      	   1.7130701002372717      	   3.3563249410060725
   1.0000000000000000      	   1.6948029770122206      	   3.3880705614866278
   1.0000000000000000      	   1.6910808805777680      	   3.3931556361995612
   1.0000000000000000      	   1.6938934729468458      	   3.3891582613787419
   1.0000000000000000      	   1.6894792834371037      	   3.3951782762723237
   1.0000000000000000      	   1.6397237805592824      	   3.4504194629984317
   1.0000000000000000      	   1.6126855775415587      	   3.4752731709554414
   1.0000000000000000      	   1.6350773505622247      	   3.4548353523379074
   1.0000000000000000      	   1.4194256776596468      	   3.7155530868770956
   1.0000000000000000      	   1.3721410301964223      	   3.7394829474080220
   1.0000000000000000      	   1.5495990509425845      	   3.5333833277371403
   1.0000000000000000      	   1.4043704327557329      	   3.7250594364836327
   1.0000000000000000      	   1.3646465492933573      	   3.7420291227456861
   1.0000000000000000      	   1.3221203847711376      	   3.7564031525474877
   1.0000000000000000      	   1.3022308424965587      	   3.7642376102599377
   1.0000000000000000      	   1.2973820446241009      	   3.7663056464975826
   1.0000000000000000      	   1.2956156742459606      	   3.7670736746091165
   1.0000000000000000      	   1.2873192306984069      	   3.7710489314772304
   1.0000000000000000      	   1.2833152830623955      	   3.7731319497110953
   1.0000000000000000      	   1.2791424047345092      	   3.7755107502707439
   1.0000000000000000      	   1.2761892865933029      	   3.7773237758651188
   1.0000000000000000      	   1.2723713674476855      	   3.7798813848576271
   1.0000000000000000      	   1.2752716084418882      	   3.7778450309598650
   1.0000000000000000      	   1.2705957215118924      	   3.7810921578883212
   1.0000000000000000      	   1.2696085878111243      	   3.7817945398858090
   1.0000000000000000      	   1.2675560768723857      	   3.7833638249973172
   1.0000000000000000      	   1.2642116239664456      	   3.7861508626073253
   1.0000000000000000      	   1.2633289190575803      	   3.7868939627103386
   1.0000000000000000      	   1.2611214960582886      	   3.7889448838486324
   1.0000000000000000      	   1.2599881388758896      	   3.7900427416975457
   1.0000000000000000      	   1.2594779777342462      	   3.7905180214301226
   1.0000000000000000      	   1.2594781698043487      	   3.7904533491504449
   1.0000000000000000      	   1.2595760875228881      	   3.7902856652243995
   1.0000000000000000      	   1.2592353981892170      	   3.7905854150459790
   1.0000000000000000      	   1.2616680958606734      	   3.7880605318836373
   1.0000000000000000      	   1.2593378436420206      	   3.7903516109779627
   1.0000000000000000      	   1.2565100228260639      	   3.7934659651558542
   1.0000000000000000      	   1.2553434002385093      	   3.7948223979314619
   1.0000000000000000      	   1.2572761320340757      	   3.7924393325249395
   1.0000000000000000      	   1.2570796971438511      	   3.7926016498788502
   1.0000000000000000      	   1.2528427725863931      	   3.7979437720270339
   1.0000000000000000      	   1.2532818957107354      	   3.7972501797089455
   1.0000000000000000      	   1.2521306735283306      	   3.7988288632080964
   1.0000000000000000      	   1.2522573763133813      	   3.7985635634872401
   1.0000000000000000      	   1.2524937511383485      	   3.7981434032548886
   1.0000000000000000      	   1.2504069111287193      	   3.8013098508669372
   1.0000000000000000      	   1.2499892335000378      	   3.8019358682306299
   1.0000000000000000      	   1.2568469992375408      	   3.7923806294108271
   1.0000000000000000      	   1.2572534615001585      	   3.7918606128677190
   1.0000000000000000      	   1.2497609832198924      	   3.8020733688592645
   1.0000000000000000      	   1.2558089651513971      	   3.7934187273678410
   1.0000000000000000      	   1.2576753112724006      	   3.7912241520596512
   1.0000000000000000      	   1.2574495062594808      	   3.7914187876050840
   1.0000000000000000      	   1.2498827889655819      	   3.8015323583814804
   1.0000000000000000      	   1.2507847284670395      	   3.7999797926216345
   1.0000000000000000      	   1.2511288699920315      	   3.7993729832443552
   1.0000000000000000      	   1.2481385734849200      	   3.8044605897125559
   1.0000000000000000      	   1.2489061220797826      	   3.8029245262808731
   1.0000000000000000      	   1.2500123728701404      	   3.8008549332506250
   1.0000000000000000      	   1.2483857704509236      	   3.8036405046035902
   1.0000000000000000      	   1.2476290633373359      	   3.8050295935785829
   1.0000000000000000      	   1.2476341043245582      	   3.8049332229793897
   1.0000000000000000      	   1.2469895173670369      	   3.8061576911276735
   1.0000000000000000      	   1.2463485766892088      	   3.8074240533814052
   1.0000000000000000      	   1.2468798875358562      	   3.8062115937513368
   1.0000000000000000      	   1.2488902346125534      	   3.8022499067202165
   1.0000000000000000      	   1.2504233168669519      	   3.7996476319100001
   1.0000000000000000      	   1.2462503094463731      	   3.8072843023574703
   1.0000000000000000      	   1.2474986269014217      	   3.8046213123835613
   1.0000000000000000      	   1.2502159959522448      	   3.7997784505556824
   1.0000000000000000      	   1.2490245788866745      	   3.8016601776906058
   1.0000000000000000      	   1.2489479765066043      	   3.8017230916947420
   1.0000000000000000      	   1.2488682374845363      	   3.8017922004742202
   1.0000000000000000      	   1.2486503118516783      	   3.8021029646077396
   1.0000000000000000      	   1.2479035677059511      	   3.8033837800182160
   1.0000000000000000      	   1.2497248742099789      	   3.8001791274863592
   1.0000000000000000      	   1.2492678757895312      	   3.8008572242815606
   1.0000000000000000      	   1.2496276736808656      	   3.8002123287874707
   1.0000000000000000      	   1.2488103895395406      	   3.8014963140830704
   1.0000000000000000      	   1.2511575319950758      	   3.7977925148872762
   1.0000000000000000      	   1.2492378391543957      	   3.8006604931236034
   1.0000000000000000      	   1.2527120083384555      	   3.7955669513312413
   1.0000000000000000      	   1.2602110302468172      	   3.7873669619614891
   1.0000000000000000      	   1.2625991393208764      	   3.7852418467043853
   1.0000000000000000      	   1.2486901163085098      	   3.8013283153283517
   1.0000000000000000      	   1.2563961586185219      	   3.7910226333854933
   1.0000000000000000      	   1.2533159116652384      	   3.7945580443611924
   1.0000000000000000      	   1.2536103985611493      	   3.7941460417702855
   1.0000000000000000      	   1.2549717716549882      	   3.7924801181574628
   1.0000000000000000      	   1.2509976934998024      	   3.7975066856317810
   1.0000000000000000      	   1.2498618160663222      	   3.7991206549299652
   1.0000000000000000      	   1.2503974137205867      	   3.7982717234294379
   1.0000000000000000      	   1.2733575487643063      	   3.7771019993154233
   1.0000000000000000      	   1.2680740853096335      	   3.7807030259459093
   1.0000000000000000      	   1.2601998064719437      	   3.7870128887032597
   1.0000000000000000      	   1.2572422177063283      	   3.7897946777690183
   1.0000000000000000      	   1.2521868437954637      	   3.7955632567536637
   1.0000000000000000      	   1.2568416252362276      	   3.7901361137170775
   1.0000000000000000      	   1.2527921346680788      	   3.7946982456217766
   1.0000000000000000      	   1.2540243860396707      	   3.7931493210463092
   1.0000000000000000      	   1.2555719556908040      	   3.7913691817416182
   1.0000000000000000      	   1.2610176880311303      	   3.7860975362057592
   1.0000000000000000      	   1.2685501526963407      	   3.7801654716086448
   1.0000000000000000      	   1.2676216831879974      	   3.7808151273006514
   1.0000000000000000      	   1.2700515329880437      	   3.7790728708332084
   1.0000000000000000      	   1.3337570844333102      	   3.7508972492273105
   1.0000000000000000      	   1.3332643967281022      	   3.7510533999759681
   1.0000000000000000      	   1.3385978534216978      	   3.7492973678335986
   1.0000000000000000      	   1.6013784482863911      	   3.4826424318584319
   1.0000000000000000      	   1.6439802651073501      	   3.4431237567208308
   1.0000000000000000      	   1.3482809305300134      	   3.7462213874836032
   1.0000000000000000      	   1.3257591573698784      	   3.7535909934819891
   1.0000000000000000      	   1.4301078368231737      	   3.7061216926638281
   1.0000000000000000      	   1.3186392603552608      	   3.7560960703890229
   1.0000000000000000      	   1.3133488939447848      	   3.7580605235617743
   1.0000000000000000      	   1.3116972259750546      	   3.7586984972403483
   1.0000000000000000      	   1.2934890936505647      	   3.7662059807673267
   1.0000000000000000      	   1.2925928675765719      	   3.7666018615019152
   1.0000000000000000      	   1.3021415846826363      	   3.7624805490847866
   1.0000000000000000      	   1.3640320052943882      	   3.7411410660752318
   1.0000000000000000      	   1.3510961032082482      	   3.7452777284158665
   1.0000000000000000      	   1.5322613470218438      	   3.5511658258398797
   1.0000000000000000      	   1.3253908627684448      	   3.7536251211355918
   1.0000000000000000      	   1.3170489133212384      	   3.7565862560554986
   1.0000000000000000      	   1.3242010752524589      	   3.7540257383151987
   1.0000000000000000      	   1.3023406037345435      	   3.7623323138750160
   1.0000000000000000      	   1.3652725845139042      	   3.7406894704918043
   1.0000000000000000      	   1.3228867251642422      	   3.7544604881603516
   1.0000000000000000      	   1.3179830764553526      	   3.7562016097399820
   1.0000000000000000      	   1.6506552990665573      	   3.4360197178269667
   1.0000000000000000      	   1.6414904798370040      	   3.4452863219870631
   1.0000000000000000      	   1.4481376699832653      	   3.6877930338108640
   1.0000000000000000      	   1.5749702801023515      	   3.5058087173828438
   1.0000000000000000      	   1.7089694789117003      	   3.3487621738912416
   1.0000000000000000      	   1.7111507311481584      	   3.3407269968446971
   1.0000000000000000      	   1.7122549396093720      	   3.3355923785120138
   1.0000000000000000      	   1.7096156533957774      	   3.3461970372302363
   1.0000000000000000      	   1.7021626708213498      	   3.3657792502153066
   1.0000000000000000      	   1.7121563292485018      	   3.3356794830110426
   1.0000000000000000      	   1.6958055773439675      	   3.3787852430063823
   1.0000000000000000      	   1.7109519239331414      	   3.3408912733873839
   1.0000000000000000      	   1.7093437223774557      	   3.3467254874656183
   1.0000000000000000      	   1.7118590631749853      	   3.3366795641910745
   1.0000000000000000      	   1.7125547871667472      	   3.3280693896563909
   1.0000000000000000      	   1.7124058756414486      	   3.3329194659404999
   1.0000000000000000      	   1.7101478364484470      	   3.3434790099263183
   1.0000000000000000      	   1.7125277652549256      	   3.3220146339658059
   1.0000000000000000      	   1.7122115593381990      	   3.3338472929617824
   1.0000000000000000      	   1.7113076543396164      	   3.3385579277454109
   1.0000000000000000      	   1.7124054018731896      	   3.3298711473224447
   1.0000000000000000      	   1.7115551690362445      	   3.3371804825976312
   1.0000000000000000      	   1.7123476930918449      	   3.3291471555959617
   1.0000000000000000      	   1.7123179969952702      	   3.3285820354253000
   1.0000000000000000      	   1.7122761196832168      	   3.3317980649678232
   1.0000000000000000      	   1.7122841407280291      	   3.3311501005976307
   1.0000000000000000      	   1.7124675359176602      	   3.3176152929016718
   1.0000000000000000      	   1.7122267848511199      	   3.3297945154999331
