 r	t	p
   1.0000000000000000      	   1.1838751254757685      	   4.1393764223389899
   1.0000000000000000      	   1.1833999507005539      	   4.1247601395482345
   1.0000000000000000      	   1.1838082347027090      	   4.1375751411172015
   1.0000000000000000      	   1.1835819758804820      	   4.1307504791480101
   1.0000000000000000      	   1.1842921345662418      	   4.1481975897511960
   1.0000000000000000      	   1.1841169099445281      	   4.1448744496170074
   1.0000000000000000      	   1.1838719689351147      	   4.1391143655738647
   1.0000000000000000      	   1.1840470587060863      	   4.1433102234975667
   1.0000000000000000      	   1.1840995464036501      	   4.1444377969720056
   1.0000000000000000      	   1.1838499066054333      	   4.1384521616271552
   1.0000000000000000      	   1.1835138999190864      	   4.1281735853836894
   1.0000000000000000      	   1.1838523058373318      	   4.1384527115474246
   1.0000000000000000      	   1.1836164372539135      	   4.1315076222394422
   1.0000000000000000      	   1.1835032181084213      	   4.1276811487456966
   1.0000000000000000      	   1.1833408785762036      	   4.1221343230393614
   1.0000000000000000      	   1.1836077696095566      	   4.1310927264426445
   1.0000000000000000      	   1.1834423618039593      	   4.1254980401022436
   1.0000000000000000      	   1.1835533733352650      	   4.1291945161662094
   1.0000000000000000      	   1.1838188365106523      	   4.1059753680853266
   1.0000000000000000      	   1.1871851681113683      	   4.0708285325763924
   1.0000000000000000      	   1.1840684585254155      	   4.1022312841427624
   1.0000000000000000      	   1.1847918536594637      	   4.0908281630960426
   1.0000000000000000      	   1.1844493032305601      	   4.0963543432786782
   1.0000000000000000      	   1.1845572450066570      	   4.0946606750057493
   1.0000000000000000      	   1.1858135436110842      	   4.0794995435156043
   1.0000000000000000      	   1.1850227301770624      	   4.0871928276774092
   1.0000000000000000      	   1.1849710848538164      	   4.0880662242828958
   1.0000000000000000      	   1.1865255672984503      	   4.0749737402576205
   1.0000000000000000      	   1.1892860136100687      	   4.0576176146351388
   1.0000000000000000      	   1.1862530521075909      	   4.0767145370897353
   1.0000000000000000      	   1.1932662302792030      	   4.0377326589877027
   1.0000000000000000      	   1.1967403154126504      	   4.0243542088615092
   1.0000000000000000      	   1.1962387438976068      	   4.0263739102803147
   1.0000000000000000      	   1.1900036604657303      	   4.0528320789401642
   1.0000000000000000      	   1.1925206024638366      	   4.0406247586859054
   1.0000000000000000      	   1.1911984063518570      	   4.0460017315882970
   1.0000000000000000      	   1.1898041182471402      	   4.0542423647817492
   1.0000000000000000      	   1.1899214178356505      	   4.0534580031629668
   1.0000000000000000      	   1.1931251874217235      	   4.0383427807935188
   1.0000000000000000      	   1.1994018256471679      	   4.0136608181359179
   1.0000000000000000      	   1.1929848705402861      	   4.0388954560457231
   1.0000000000000000      	   1.1985930792686572      	   4.0169668649279116
   1.0000000000000000      	   1.1907047734800580      	   4.0483596511511104
   1.0000000000000000      	   1.1943211386830523      	   4.0338998331318914
   1.0000000000000000      	   1.1999810750953670      	   4.0116087375127334
   1.0000000000000000      	   1.1977635663668582      	   4.0203778297843726
   1.0000000000000000      	   1.1927340704200784      	   4.0399136191046319
   1.0000000000000000      	   1.1970660831365627      	   4.0232151017203934
   1.0000000000000000      	   1.1993386337833591      	   4.0140065001675707
   1.0000000000000000      	   1.1996899052625314      	   4.0126859534020705
   1.0000000000000000      	   1.2045175842596172      	   3.9979493082072546
   1.0000000000000000      	   1.2018600334459282      	   4.0057072505806737
   1.0000000000000000      	   1.2097431416446585      	   3.9831746302611464
   1.0000000000000000      	   1.2079645794475404      	   3.9881999005773419
   1.0000000000000000      	   1.2145810675853452      	   3.9700025595302812
   1.0000000000000000      	   1.2104353683568414      	   3.9812338061996679
   1.0000000000000000      	   1.2081503135071159      	   3.9877033357997549
   1.0000000000000000      	   1.2133435495690903      	   3.9732374895115834
   1.0000000000000000      	   1.2162165969870453      	   3.9658701128275791
   1.0000000000000000      	   1.2197554262930617      	   3.9570678127119203
   1.0000000000000000      	   1.2236161430121659      	   3.9477896677959547
   1.0000000000000000      	   1.2222646626027749      	   3.9510595348945290
   1.0000000000000000      	   1.2179400970810188      	   3.9615698162437432
   1.0000000000000000      	   1.2177545320304444      	   3.9620421485164004
   1.0000000000000000      	   1.2334644601468372      	   3.9234826277861004
   1.0000000000000000      	   1.2253954824863522      	   3.9434780812873789
   1.0000000000000000      	   1.2321170277036972      	   3.9269377755485380
   1.0000000000000000      	   1.2236297044301656      	   3.9478120275590589
   1.0000000000000000      	   1.2280754627129307      	   3.9369716316296848
   1.0000000000000000      	   1.2271368978304518      	   3.9392547285427284
   1.0000000000000000      	   1.2310676180984479      	   3.9296256746305525
   1.0000000000000000      	   1.2288605447342227      	   3.9350900710352805
   1.0000000000000000      	   1.2260282003231697      	   3.9419845405075757
   1.0000000000000000      	   1.2283271904610664      	   3.9364021573816990
   1.0000000000000000      	   1.2328970106404959      	   3.9250170910417554
   1.0000000000000000      	   1.2319590914190699      	   3.9274160639649507
   1.0000000000000000      	   1.2300072573262177      	   3.9323155542922894
   1.0000000000000000      	   1.2300872579878677      	   3.9321257161200904
   1.0000000000000000      	   1.2283056335213405      	   3.9364940888910560
   1.0000000000000000      	   1.2360250123272667      	   3.9170541710229911
   1.0000000000000000      	   1.2367066368438027      	   3.9153095870637573
   1.0000000000000000      	   1.2313180775075696      	   3.9290876538571409
   1.0000000000000000      	   1.2312838774466741      	   3.9291819897499445
   1.0000000000000000      	   1.2333066313236123      	   3.9240476974890655
   1.0000000000000000      	   1.2416910274219966      	   3.9025941642312603
   1.0000000000000000      	   1.2379745132538522      	   3.9120845532996764
   1.0000000000000000      	   1.2364724969744194      	   3.9159639555660477
   1.0000000000000000      	   1.2358300392485488      	   3.9176235230715921
   1.0000000000000000      	   1.2347534103097531      	   3.9203904503520715
   1.0000000000000000      	   1.2394281376439276      	   3.9083851887988148
   1.0000000000000000      	   1.2432459505676263      	   3.8986327803225769
   1.0000000000000000      	   1.2427499608028489      	   3.8999233074689941
   1.0000000000000000      	   1.2391306509317015      	   3.9091707562424198
   1.0000000000000000      	   1.2390160417387202      	   3.9094732374869858
   1.0000000000000000      	   1.2470762590000688      	   3.8891261988854016
   1.0000000000000000      	   1.2433660734722529      	   3.8983671890390910
   1.0000000000000000      	   1.2471539634727915      	   3.8889541485099013
   1.0000000000000000      	   1.2482346363257175      	   3.8863574698065531
   1.0000000000000000      	   1.2509650714394382      	   3.8800805279445432
   1.0000000000000000      	   1.2498248518189088      	   3.8826401171003710
   1.0000000000000000      	   1.2457491787315269      	   3.8924245437568095
   1.0000000000000000      	   1.2530361465629385      	   3.8755194647162519
   1.0000000000000000      	   1.2450417579296851      	   3.8941725200447603
   1.0000000000000000      	   1.2476696986904430      	   3.8877635666253552
   1.0000000000000000      	   1.2449871893193631      	   3.8943222373258219
   1.0000000000000000      	   1.2471789889289815      	   3.8889688753176430
   1.0000000000000000      	   1.2472505985940385      	   3.8888032923050346
   1.0000000000000000      	   1.2500797272327371      	   3.8821193004189158
   1.0000000000000000      	   1.2511865787636403      	   3.8796705307750501
   1.0000000000000000      	   1.2541592431375073      	   3.8730434181111071
   1.0000000000000000      	   1.2552705368433348      	   3.8704942615829880
   1.0000000000000000      	   1.2583476800358409      	   3.8628319764945318
   1.0000000000000000      	   1.2598783744952451      	   3.8588960315139040
   1.0000000000000000      	   1.2572391324288901      	   3.8656903962346174
   1.0000000000000000      	   1.2558551308777270      	   3.8691576922352851
   1.0000000000000000      	   1.2505839685843296      	   3.8810438521787716
   1.0000000000000000      	   1.2523141505238315      	   3.8772439146842892
   1.0000000000000000      	   1.2552741223837596      	   3.8705421720006488
   1.0000000000000000      	   1.2527684900010208      	   3.8762490504157938
   1.0000000000000000      	   1.2532810018109082      	   3.8751098437542102
   1.0000000000000000      	   1.2527949731626833      	   3.8762053661825795
   1.0000000000000000      	   1.2522600849615673      	   3.8774019837992735
   1.0000000000000000      	   1.2503168839522660      	   3.8816977070267882
   1.0000000000000000      	   1.2563055189142576      	   3.8681508487878733
   1.0000000000000000      	   1.2554332450820589      	   3.8702286023997727
   1.0000000000000000      	   1.2541053221460730      	   3.8732925798353426
   1.0000000000000000      	   1.2483244586815689      	   3.8863818376735368
   1.0000000000000000      	   1.2623759630781781      	   3.8527882747618598
   1.0000000000000000      	   1.2669695852729459      	   3.8418845968371231
   1.0000000000000000      	   1.2650856094075225      	   3.8464253995547830
   1.0000000000000000      	   1.2630466501174651      	   3.8512501134833266
   1.0000000000000000      	   1.2608543390681364      	   3.8565422865005106
   1.0000000000000000      	   1.2584355736273110      	   3.8627935576590140
   1.0000000000000000      	   1.2558191502975522      	   3.8693979260298668
   1.0000000000000000      	   1.2527843240589938      	   3.8763365984488787
   1.0000000000000000      	   1.2494776844320370      	   3.8837317453450901
   1.0000000000000000      	   1.2457629590314352      	   3.8926943086474921
   1.0000000000000000      	   1.2443212213662520      	   3.8962849338881500
   1.0000000000000000      	   1.2415447358635703      	   3.9034436791207074
   1.0000000000000000      	   1.2416728246659894      	   3.9031235274315859
   1.0000000000000000      	   1.2441114214701634      	   3.8968474251248924
   1.0000000000000000      	   1.2442828217820852      	   3.8964177838333844
   1.0000000000000000      	   1.2496581612751858      	   3.8833678838669945
   1.0000000000000000      	   1.2558754233970117      	   3.8693465509900999
   1.0000000000000000      	   1.2583321086772765      	   3.8631659421143683
   1.0000000000000000      	   1.2619936506347940      	   3.8538243356787261
   1.0000000000000000      	   1.2513797904355282      	   3.8795334709479379
   1.0000000000000000      	   1.2581318133898938      	   3.8637063218350374
   1.0000000000000000      	   1.2561418518564926      	   3.8687551189862734
   1.0000000000000000      	   1.2611444399931331      	   3.8559610942503886
   1.0000000000000000      	   1.2661471480013216      	   3.8440550002654477
   1.0000000000000000      	   1.2671377861515865      	   3.8416740048642648
   1.0000000000000000      	   1.2656065393668752      	   3.8453715599064235
   1.0000000000000000      	   1.2733769434776365      	   3.8266315229109225
   1.0000000000000000      	   1.2659616446981339      	   3.8445356507915691
   1.0000000000000000      	   1.2658150452934471      	   3.8448965582764245
   1.0000000000000000      	   1.2705986009324990      	   3.8331822499330692
   1.0000000000000000      	   1.2777214892632422      	   3.8177346106459917
   1.0000000000000000      	   1.3527019982711672      	   3.7571861331661749
   1.0000000000000000      	   1.7257963881527176      	   3.3832853479261917
   1.0000000000000000      	   1.7175130774837339      	   3.3926305176029752
   1.0000000000000000      	   1.7219069944616241      	   3.3877451535161218
   1.0000000000000000      	   1.6741551363833433      	   3.4364585677903077
   1.0000000000000000      	   1.6951781664311023      	   3.4160570911299253
   1.0000000000000000      	   1.6444268860342590      	   3.4640989646923388
   1.0000000000000000      	   1.3914230317478229      	   3.7399847385844174
   1.0000000000000000      	   1.3440750952770457      	   3.7609658602572416
   1.0000000000000000      	   1.3284863661712825      	   3.7681999151882839
   1.0000000000000000      	   1.3460784966898316      	   3.7600841630127788
   1.0000000000000000      	   1.3713527601272517      	   3.7491635174656128
   1.0000000000000000      	   1.5798544542639317      	   3.5207328998631504
   1.0000000000000000      	   1.3976097790825961      	   3.7368884836924945
   1.0000000000000000      	   1.6115543247007704      	   3.4929481912005778
   1.0000000000000000      	   1.6397891585909363      	   3.4682820541756394
   1.0000000000000000      	   1.6574329545997202      	   3.4522525887104587
   1.0000000000000000      	   1.6945363793785406      	   3.4167392224935575
   1.0000000000000000      	   1.7121502239295965      	   3.3985320422502894
   1.0000000000000000      	   1.7217404497461368      	   3.3880334149273588
   1.0000000000000000      	   1.7194471771704214      	   3.3905999440874686
   1.0000000000000000      	   1.7156628929494002      	   3.3947604230213693
   1.0000000000000000      	   1.7284735088541010      	   3.3802628423455752
   1.0000000000000000      	   1.7400462792249036      	   3.3649597888777505
   1.0000000000000000      	   1.7190481593426252      	   3.3910656992872816
   1.0000000000000000      	   1.7473716117696352      	   3.3537548192112281
   1.0000000000000000      	   1.7313809295738936      	   3.3767258249196446
   1.0000000000000000      	   1.7394414332270931      	   3.3658755380073688
   1.0000000000000000      	   1.7410923779673053      	   3.3634779719135617
   1.0000000000000000      	   1.7409649047531870      	   3.3636755477677420
   1.0000000000000000      	   1.7528912071365501      	   3.3433436952717175
   1.0000000000000000      	   1.7429534886507416      	   3.3607409521394178
   1.0000000000000000      	   1.7512183066200342      	   3.3468153537042649
   1.0000000000000000      	   1.7554920344213305      	   3.3371829069432404
   1.0000000000000000      	   1.7395566785035679      	   3.3657776871241252
   1.0000000000000000      	   1.7432096373895158      	   3.3603968130331667
   1.0000000000000000      	   1.7411709444023513      	   3.3634428073336196
   1.0000000000000000      	   1.7496258593034952      	   3.3499486929183098
   1.0000000000000000      	   1.7439809359480538      	   3.3592589551506444
   1.0000000000000000      	   1.7531489565884866      	   3.3429275674632857
   1.0000000000000000      	   1.7562835112267636      	   3.3350025759181068
   1.0000000000000000      	   1.7599785231689986      	   3.3193115664190453
   1.0000000000000000      	   1.7598032098802572      	   3.3204162851410191
   1.0000000000000000      	   1.7588829614237804      	   3.3258791178397535
   1.0000000000000000      	   1.7609392723952881      	   3.3079758198418854
   1.0000000000000000      	   1.7601803166827061      	   3.3182780890879489
   1.0000000000000000      	   1.7604180369224183      	   3.3168855871720484
   1.0000000000000000      	   1.7601258200088126      	   3.3187008084933876
   1.0000000000000000      	   1.7608957966748362      	   3.3120758341488696
   1.0000000000000000      	   1.7608762148027046      	   3.3133170026355039
   1.0000000000000000      	   1.7609128314159981      	   3.3120113361864334
   1.0000000000000000      	   1.7609426585325525      	   3.3108251862042968
   1.0000000000000000      	   1.7610641415517627      	   3.3048488702906735
   1.0000000000000000      	   1.7610237058027107      	   3.3073666894565026
   1.0000000000000000      	   1.7609806397448740      	   3.3100700548059345
   1.0000000000000000      	   1.7610791581167233      	   3.3017433743033622
   1.0000000000000000      	   1.7610973066366598      	   3.3048295351521917
   1.0000000000000000      	   1.7610919233147595      	   3.3016942211295137
   1.0000000000000000      	   1.7611305596154816      	   3.3021295232117467
   1.0000000000000000      	   1.7611620465905404      	   3.3027238683715923
   1.0000000000000000      	   1.7611178023972256      	   3.3017075937471629
   1.0000000000000000      	   1.7607348661777302      	   3.2982294837038042
   1.0000000000000000      	   1.7609052661025226      	   3.2994696023654235
   1.0000000000000000      	   1.7580542696060990      	   3.2859150283303977
   1.0000000000000000      	   1.7574744346844846      	   3.2841212581356793
   1.0000000000000000      	   1.7605001290000859      	   3.2963812790157223
   1.0000000000000000      	   1.7596068962481586      	   3.2913941763682582
   1.0000000000000000      	   1.7565343198983037      	   3.2813853882666333
   1.0000000000000000      	   1.7546144759732316      	   3.2769663815217922
   1.0000000000000000      	   1.7592846243405624      	   3.2899688762411277
   1.0000000000000000      	   1.7586465972648331      	   3.2876418011044528
   1.0000000000000000      	   1.7585048867545714      	   3.2871362801955915
   1.0000000000000000      	   1.7589050926413785      	   3.2884744730776796
   1.0000000000000000      	   1.7550708611482424      	   3.2778200783226614
   1.0000000000000000      	   1.7579759949641114      	   3.2853594180455756
   1.0000000000000000      	   1.7574945998585407      	   3.2838818055293562
   1.0000000000000000      	   1.7602192530396308      	   3.2941369054561451
   1.0000000000000000      	   1.7602670760717862      	   3.2943567937422320
   1.0000000000000000      	   1.7598979822154766      	   3.2923211970541884
   1.0000000000000000      	   1.7608624348370534      	   3.2980538028830151
   1.0000000000000000      	   1.7552000362493723      	   3.2779530240698769
   1.0000000000000000      	   1.7595736031994771      	   3.2906950190532998
   1.0000000000000000      	   1.7613516469780706      	   3.3027306031847168
   1.0000000000000000      	   1.7612995075456048      	   3.3057253462585772
   1.0000000000000000      	   1.7612821731896591      	   3.3012955940306510
   1.0000000000000000      	   1.7612950305897561      	   3.3067353811071678
   1.0000000000000000      	   1.7613253508014499      	   3.3056523688007342
   1.0000000000000000      	   1.7613796507750152      	   3.3034545518120551
   1.0000000000000000      	   1.7612967557846351      	   3.3078326973988430
   1.0000000000000000      	   1.7613573419864237      	   3.3052840501652643
   1.0000000000000000      	   1.7613542738824379      	   3.3058216271868250
   1.0000000000000000      	   1.7613907882781725      	   3.3044673273722980
   1.0000000000000000      	   1.7614251870884510      	   3.3024165188877905
   1.0000000000000000      	   1.7608313827818229      	   3.2970030287260421
   1.0000000000000000      	   1.7599419343020608      	   3.2918229278175342
   1.0000000000000000      	   1.7587600899684861      	   3.2872695329723096
   1.0000000000000000      	   1.7548279433605218      	   3.2768511193998631
   1.0000000000000000      	   1.7591406344428662      	   3.2885218411668911
   1.0000000000000000      	   1.7569906516078255      	   3.2818378290034427
   1.0000000000000000      	   1.7514976818527299      	   3.2706136783891369
   1.0000000000000000      	   1.7518912164111000      	   3.2712720301400280
   1.0000000000000000      	   1.7545148578693488      	   3.2761193595366160
   1.0000000000000000      	   1.7565743793834665      	   3.2806358376425275
   1.0000000000000000      	   1.7579361720886666      	   3.2844323108248688
   1.0000000000000000      	   1.7575140050882145      	   3.2831589591542789
   1.0000000000000000      	   1.7585469437388526      	   3.2862746975774866
   1.0000000000000000      	   1.7597472107126642      	   3.2905104256993774
   1.0000000000000000      	   1.7591903322546905      	   3.2883838632542974
   1.0000000000000000      	   1.7585891212922646      	   3.2863238866798006
   1.0000000000000000      	   1.7594160788921538      	   3.2891354928835335
   1.0000000000000000      	   1.7594091240711076      	   3.2890774880238536
   1.0000000000000000      	   1.7563440955337584      	   3.2798697057474677
   1.0000000000000000      	   1.7566824062209947      	   3.2806724182414033
   1.0000000000000000      	   1.7539127761150393      	   3.2747149771724939
   1.0000000000000000      	   1.7610690418181187      	   3.2974261960484905
   1.0000000000000000      	   1.7615257210005173      	   3.3011624103403920
   1.0000000000000000      	   1.7608434860117033      	   3.2958042234956104
   1.0000000000000000      	   1.7611988905612779      	   3.2981851393288517
   1.0000000000000000      	   1.7616196919001552      	   3.3040443643277717
   1.0000000000000000      	   1.7615214394202598      	   3.3007653481497004
   1.0000000000000000      	   1.7606356988109046      	   3.2943541264705525
   1.0000000000000000      	   1.7588876340321404      	   3.2869205706915396
   1.0000000000000000      	   1.7610791416763076      	   3.2970273028891079
   1.0000000000000000      	   1.7600842915310690      	   3.2913036853815223
   1.0000000000000000      	   1.7581625420378524      	   3.2845394922899489
   1.0000000000000000      	   1.7570104186298441      	   3.2812058540547469
   1.0000000000000000      	   1.7600130510393668      	   3.2908870370719323
   1.0000000000000000      	   1.7611026061247657      	   3.2968999758854096
   1.0000000000000000      	   1.7606219284379416      	   3.2938896101270014
   1.0000000000000000      	   1.7595946733785801      	   3.2891463928447617
   1.0000000000000000      	   1.7588575806187248      	   3.2865569661697096
   1.0000000000000000      	   1.7600077401420411      	   3.2906847209590051
   1.0000000000000000      	   1.7587414127327223      	   3.2861219494393659
   1.0000000000000000      	   1.7585059369895406      	   3.2853469417061381
   1.0000000000000000      	   1.7576520615688673      	   3.2827623530713304
   1.0000000000000000      	   1.7599393560419070      	   3.2902673792239523
   1.0000000000000000      	   1.7600112758941837      	   3.2905217748576781
   1.0000000000000000      	   1.7564819199618247      	   3.2796204616034959
   1.0000000000000000      	   1.7603952452036948      	   3.2921954886256120
   1.0000000000000000      	   1.7589406865077670      	   3.2865667962937484
   1.0000000000000000      	   1.7488325690828590      	   3.2660769083492633
   1.0000000000000000      	   1.7469685272244877      	   3.2636562308300947
   1.0000000000000000      	   1.7528691994430539      	   3.2722581620545652
   1.0000000000000000      	   1.7500172078682055      	   3.2676789773557773
   1.0000000000000000      	   1.7152234726849389      	   3.2392242263950948
   1.0000000000000000      	   1.7206907256243320      	   3.2425508967497803
   1.0000000000000000      	   1.7302712644131424      	   3.2487649508124985
   1.0000000000000000      	   1.7180992920396723      	   3.2409482026188940
   1.0000000000000000      	   1.7361464711964427      	   3.2530461658974614
   1.0000000000000000      	   1.7220983450416036      	   3.2433999695923990
   1.0000000000000000      	   1.7306754665305804      	   3.2490154722476530
   1.0000000000000000      	   1.7277763318628532      	   3.2470394117556269
   1.0000000000000000      	   1.7461956202452096      	   3.2625752592018586
   1.0000000000000000      	   1.7447897112364985      	   3.2609341356883403
   1.0000000000000000      	   1.7477944801735390      	   3.2645255451873667
   1.0000000000000000      	   1.7487352280559019      	   3.2657400077662371
   1.0000000000000000      	   1.7491058922940579      	   3.2662248385838373
   1.0000000000000000      	   1.7508517669139174      	   3.2686940288135284
   1.0000000000000000      	   1.7526309634126382      	   3.2715536762873656
   1.0000000000000000      	   1.7518584807826316      	   3.2702203540277424
   1.0000000000000000      	   1.7557469453120715      	   3.2775001106460349
   1.0000000000000000      	   1.7517366022186518      	   3.2699945091168501
   1.0000000000000000      	   1.7563506569614478      	   3.2787811523475261
   1.0000000000000000      	   1.7546503931811728      	   3.2752089040624477
   1.0000000000000000      	   1.7546450694789202      	   3.2751797663576800
   1.0000000000000000      	   1.7554811397000794      	   3.2768430499254992
   1.0000000000000000      	   1.7510216840426818      	   3.2688142394770257
   1.0000000000000000      	   1.6719743149024879      	   3.2125181530058677
   1.0000000000000000      	   1.6542513334351259      	   3.2012021492809555
   1.0000000000000000      	   1.4241880670003237      	   3.0007981421363592
   1.0000000000000000      	   1.4357289894079308      	   2.9481603440667090
   1.0000000000000000      	   1.4353390369062513      	   2.9488567778320038
   1.0000000000000000      	   1.6971120288184849      	   2.6848447629134067
   1.0000000000000000      	   1.7081436146135824      	   2.6795647990381135
   1.0000000000000000      	   1.6944422735969638      	   2.6861488408256178
   1.0000000000000000      	   1.7475212482222340      	   2.6560159784941813
   1.0000000000000000      	   1.7886588247467277      	   2.6184022852687274
   1.0000000000000000      	   1.7641956702875665      	   2.6430406370103472
   1.0000000000000000      	   1.7642066919979522      	   2.6430423931067142
   1.0000000000000000      	   1.7665461449433264      	   2.6409152177432742
   1.0000000000000000      	   1.7717842667255659      	   2.6352045884492248
   1.0000000000000000      	   1.7475692854953104      	   2.6560437754591351
   1.0000000000000000      	   1.7527462575383514      	   2.6522860987288990
   1.0000000000000000      	   1.7738227782385614      	   2.6329164128876603
   1.0000000000000000      	   1.5735841029073465      	   2.4712263078425556
   1.0000000000000000      	   1.5656911308702837      	   2.4645372655760429
   1.0000000000000000      	   1.5536820120186845      	   2.4522984149639688
   1.0000000000000000      	   1.5633600199055595      	   2.4622965411955207
   1.0000000000000000      	   1.5608687597347886      	   2.4598279209997642
   1.0000000000000000      	   1.5456345071409003      	   2.4429950725046750
   1.0000000000000000      	   1.5391613846374343      	   2.4352769358589890
   1.0000000000000000      	   1.5430005190189049      	   2.4398277646720179
   1.0000000000000000      	   1.5153067155654836      	   2.4053003178478911
   1.0000000000000000      	   1.4492091176545436      	   2.2973344798624082
   1.0000000000000000      	   1.5200085770527261      	   2.4115397820287581
   1.0000000000000000      	   1.5584222488308306      	   2.4571644766492722
   1.0000000000000000      	   1.5482382166772952      	   2.4458889929419798
   1.0000000000000000      	   1.5388948735452008      	   2.4348071155289723
   1.0000000000000000      	   1.5370962122916196      	   2.4326383475778535
   1.0000000000000000      	   1.4401283432306038      	   2.2792270085166728
   1.0000000000000000      	   1.4310704494569102      	   2.2617217951548709
   1.0000000000000000      	   1.4261789651973569      	   2.2529820775758358
   1.0000000000000000      	   1.4251029173771279      	   2.2511058333272076
   1.0000000000000000      	   1.4154278188157723      	   2.2349091202789930
   1.0000000000000000      	   1.4158808814204351      	   2.2356578825106541
   1.0000000000000000      	   1.4192284914749376      	   2.2412006186945361
   1.0000000000000000      	   1.4232368565574165      	   2.2478772448232296
   1.0000000000000000      	   1.4250069861697097      	   2.2508862856863638
   1.0000000000000000      	   1.4197808565457681      	   2.2420840885922497
   1.0000000000000000      	   1.4027242571493215      	   2.2111463448763193
   1.0000000000000000      	   1.4147121027207008      	   2.2336329506556671
   1.0000000000000000      	   1.4145661339808584      	   2.2333759980567209
   1.0000000000000000      	   1.4120229151569639      	   2.2289990800079766
   1.0000000000000000      	   1.4226754430589559      	   2.2468570737555749
   1.0000000000000000      	   1.4107280219624674      	   2.2266945753742693
   1.0000000000000000      	   1.4086881744694166      	   2.2229733820467588
   1.0000000000000000      	   1.4132016446077245      	   2.2309994072030386
   1.0000000000000000      	   1.4040967145439671      	   2.2139465870101058
   1.0000000000000000      	   1.4064499970747999      	   2.2186779660075318
   1.0000000000000000      	   1.4036946765386840      	   2.2130876442836933
   1.0000000000000000      	   1.4068830530061756      	   2.2194992531416950
   1.0000000000000000      	   1.4095841986609421      	   2.2245596634961333
   1.0000000000000000      	   1.4004103262549605      	   2.2058810535373103
   1.0000000000000000      	   1.4030980703348288      	   2.2117860455276768
   1.0000000000000000      	   1.4013505482001274      	   2.2079788448812590
   1.0000000000000000      	   1.4061076567139321      	   2.2179298221531951
   1.0000000000000000      	   1.4038685742516377      	   2.2133731148461808
   1.0000000000000000      	   1.4025356274468010      	   2.2105384924338813
   1.0000000000000000      	   1.3986013581153580      	   2.2015375053751480
   1.0000000000000000      	   1.4060435662456787      	   2.2177601070203328
   1.0000000000000000      	   1.3963822813680919      	   2.1958411459090139
   1.0000000000000000      	   1.4013575355888954      	   2.2079143571665956
   1.0000000000000000      	   1.3982386733449013      	   2.2005975850326571
   1.0000000000000000      	   1.4007744652312986      	   2.2065825573551048
   1.0000000000000000      	   1.3986420050219774      	   2.2015640448709286
   1.0000000000000000      	   1.3938093640104772      	   2.1883193620896368
   1.0000000000000000      	   1.3937230993873380      	   2.1880321519701473
   1.0000000000000000      	   1.3923072291465475      	   2.1832666399452680
   1.0000000000000000      	   1.3912253063012654      	   2.1792106659266883
   1.0000000000000000      	   1.3874901855249426      	   2.1612305846476794
   1.0000000000000000      	   1.3871112709524609      	   2.1588133800154581
   1.0000000000000000      	   1.3886035367729770      	   2.1674527823101122
   1.0000000000000000      	   1.3884714842160040      	   2.1667391614126328
   1.0000000000000000      	   1.3889062425956189      	   2.1689483591362495
   1.0000000000000000      	   1.3887317525799501      	   2.1680464319396981
   1.0000000000000000      	   1.3873499104999369      	   2.1602066972111142
   1.0000000000000000      	   1.3867993048953005      	   2.1565439248083997
   1.0000000000000000      	   1.3869316047545726      	   2.1574263541984013
   1.0000000000000000      	   1.3861819496517385      	   2.1519268170502079
   1.0000000000000000      	   1.3876670760093608      	   2.1620476571681326
   1.0000000000000000      	   1.3873028226882183      	   2.1597782917919024
   1.0000000000000000      	   1.3874815768747928      	   2.1608705691398802
   1.0000000000000000      	   1.3872778124975189      	   2.1595664222787576
   1.0000000000000000      	   1.3872814228332095      	   2.1595630402127437
   1.0000000000000000      	   1.3869295234602028      	   2.1572160695153761
   1.0000000000000000      	   1.3869133402890261      	   2.1570768820675390
   1.0000000000000000      	   1.3862646162248164      	   2.1523193058177523
   1.0000000000000000      	   1.3863669343661520      	   2.1530743265283574
   1.0000000000000000      	   1.3851784134541376      	   2.1427142299403288
   1.0000000000000000      	   1.3869147400458588      	   2.1569738251130688
   1.0000000000000000      	   1.3858902654364320      	   2.1491392675014573
   1.0000000000000000      	   1.3859752655554363      	   2.1498250778084875
   1.0000000000000000      	   1.3861600390385056      	   2.1513047688261029
   1.0000000000000000      	   1.3863343172540439      	   2.1526392422773091
   1.0000000000000000      	   1.3859327775347516      	   2.1493644908549703
   1.0000000000000000      	   1.3859337879610325      	   2.1493390571999460
   1.0000000000000000      	   1.3860282662995855      	   2.1501003041222080
   1.0000000000000000      	   1.3857575223619532      	   2.1477445122649517
   1.0000000000000000      	   1.3859384027285508      	   2.1492763835762720
   1.0000000000000000      	   1.3858734306822151      	   2.1486858256440939
   1.0000000000000000      	   1.3857215619401777      	   2.1473206602900041
   1.0000000000000000      	   1.3851152019847888      	   2.1416081395656974
   1.0000000000000000      	   1.3848377748092844      	   2.1388341122261885
   1.0000000000000000      	   1.3852242226565561      	   2.1425856568925137
   1.0000000000000000      	   1.3857144019507162      	   2.1471160040396535
   1.0000000000000000      	   1.3855870793348501      	   2.1459296259089844
   1.0000000000000000      	   1.3856906165412457      	   2.1468317277801869
   1.0000000000000000      	   1.3852679941786674      	   2.1428573447980943
   1.0000000000000000      	   1.3849925571688455      	   2.1401419080672537
   1.0000000000000000      	   1.3851656451509478      	   2.1417932770116255
   1.0000000000000000      	   1.3849214381269164      	   2.1393591155558025
   1.0000000000000000      	   1.3847631420478426      	   2.1377288635616960
   1.0000000000000000      	   1.3849858227670229      	   2.1399214960403508
   1.0000000000000000      	   1.3843744332448711      	   2.1334652409237056
   1.0000000000000000      	   1.3842568512241422      	   2.1320371667814180
   1.0000000000000000      	   1.3846068963756251      	   2.1359521823774807
   1.0000000000000000      	   1.3844715768590687      	   2.1344563605970199
   1.0000000000000000      	   1.3843380816478144      	   2.1328615926884589
   1.0000000000000000      	   1.3840107976599385      	   2.1288559682332338
   1.0000000000000000      	   1.3841470325767864      	   2.1304901304230830
   1.0000000000000000      	   1.3837780099623707      	   2.1257697076067124
   1.0000000000000000      	   1.3835813820727108      	   2.1230560008129817
   1.0000000000000000      	   1.3837703718865222      	   2.1255642794100140
   1.0000000000000000      	   1.3841488142884235      	   2.1303289856715226
   1.0000000000000000      	   1.3838206795662658      	   2.1261481763262093
   1.0000000000000000      	   1.3846066623975810      	   2.1350605521509780
   1.0000000000000000      	   1.3847547529657160      	   2.1365805926459287
   1.0000000000000000      	   1.3845113496321892      	   2.1339094198634885
   1.0000000000000000      	   1.3844044230364654      	   2.1326210067382165
   1.0000000000000000      	   1.3843002727370521      	   2.1313422855515602
   1.0000000000000000      	   1.3841998841847798      	   2.1300867754738508
   1.0000000000000000      	   1.3841031439463216      	   2.1288453700874488
   1.0000000000000000      	   1.3840075854017584      	   2.1275960841880419
   1.0000000000000000      	   1.3839129165574069      	   2.1263404933056305
   1.0000000000000000      	   1.3838234500523625      	   2.1250816215501529
   1.0000000000000000      	   1.3837340281261179      	   2.1238237071458688
   1.0000000000000000      	   1.3840811069251573      	   2.1283365201568389
   1.0000000000000000      	   1.3838218467362058      	   2.1249114086798038
   1.0000000000000000      	   1.3840436565359162      	   2.1277732032838097
   1.0000000000000000      	   1.3832891401262009      	   2.1176692817869585
   1.0000000000000000      	   1.3839089533499811      	   2.1259452849869667
   1.0000000000000000      	   1.3838830589012536      	   2.1255445913789544
   1.0000000000000000      	   1.3836795285454691      	   2.1227481644172399
   1.0000000000000000      	   1.3838621002396514      	   2.1251606025555643
   1.0000000000000000      	   1.3838198872787129      	   2.1245405834165889
   1.0000000000000000      	   1.3836650508159918      	   2.1224085775638653
   1.0000000000000000      	   1.3835383793885399      	   2.1206917634017359
   1.0000000000000000      	   1.3835631262520045      	   2.1209682726540051
   1.0000000000000000      	   1.3836288083535608      	   2.1217801651073449
   1.0000000000000000      	   1.3838496629642163      	   2.1246974562254022
   1.0000000000000000      	   1.3830564030477455      	   2.1139938865456092
   1.0000000000000000      	   1.3836895969073537      	   2.1224472988963128
   1.0000000000000000      	   1.3837530448595132      	   2.1232497868824063
   1.0000000000000000      	   1.3832603821951830      	   2.1165791143864046
   1.0000000000000000      	   1.3833382075015783      	   2.1176032378454086
   1.0000000000000000      	   1.3838186239209902      	   2.1239873210627649
   1.0000000000000000      	   1.3836974308515837      	   2.1223118570172281
   1.0000000000000000      	   1.3831969375018665      	   2.1155560732745693
   1.0000000000000000      	   1.3832647033476027      	   2.1164022220641128
   1.0000000000000000      	   1.3834629980012303      	   2.1190757450379141
   1.0000000000000000      	   1.3833596745214791      	   2.1176051450832447
   1.0000000000000000      	   1.3834798122566168      	   2.1192064295868889
   1.0000000000000000      	   1.3835554738978579      	   2.1201643819544262
   1.0000000000000000      	   1.3836715684798384      	   2.1216358080794500
   1.0000000000000000      	   1.3831527883609647      	   2.1146403349681533
   1.0000000000000000      	   1.3828309799336864      	   2.1051539276950590
   1.0000000000000000      	   1.3829699702627578      	   2.1118324775356156
   1.0000000000000000      	   1.3832216709090568      	   2.1154173697724099
   1.0000000000000000      	   1.3835482136414545      	   2.1197875660350363
   1.0000000000000000      	   1.3833481733066468      	   2.1170011539147864
   1.0000000000000000      	   1.3830414783796312      	   2.1127428079415855
   1.0000000000000000      	   1.3828856777588672      	   2.1100342332619060
   1.0000000000000000      	   1.3828395323244049      	   2.1089335326631864
   1.0000000000000000      	   1.3829136025802031      	   2.1104393497747154
   1.0000000000000000      	   1.3835432418643394      	   2.1194402550434761
   1.0000000000000000      	   1.3832679731167830      	   2.1156580499577600
   1.0000000000000000      	   1.3830521347295439      	   2.1125852915596854
   1.0000000000000000      	   1.3830199519648163      	   2.1034005389073700
   1.0000000000000000      	   1.3828598697613643      	   2.1053758703415002
   1.0000000000000000      	   1.3832279571955104      	   2.1013569895276718
   1.0000000000000000      	   1.3831054233821380      	   2.1025878281623460
   1.0000000000000000      	   1.3835963938762046      	   2.0985640929431546
   1.0000000000000000      	   1.3836504342294345      	   2.0982261929031267
   1.0000000000000000      	   1.3847369836492249      	   2.0918289740758076
   1.0000000000000000      	   1.3849016126794829      	   2.0907346194575505
   1.0000000000000000      	   1.3851405255635436      	   2.0884351278268709
   1.0000000000000000      	   1.3853358143971055      	   2.0863513127643056
   1.0000000000000000      	   1.3855066086322141      	   2.0844716470496945
   1.0000000000000000      	   1.3856382947321773      	   2.0828288161416912
   1.0000000000000000      	   1.3857516264212539      	   2.0814105613643301
   1.0000000000000000      	   1.3858337813679324      	   2.0802019898540283
   1.0000000000000000      	   1.3859091855850152      	   2.0791982938495046
   1.0000000000000000      	   1.3860044926855140      	   2.0783804471974525
   1.0000000000000000      	   1.3859673635580221      	   2.0787115607981232
   1.0000000000000000      	   1.3859487469245082      	   2.0789126844778423
   1.0000000000000000      	   1.3860959810130331      	   2.0778763403355751
   1.0000000000000000      	   1.3859969964619907      	   2.0785575019928992
   1.0000000000000000      	   1.3860923951164266      	   2.0779378530946886
   1.0000000000000000      	   1.3862975759873761      	   2.0771799200184624
   1.0000000000000000      	   1.3861977130645076      	   2.0774983240122560
   1.0000000000000000      	   1.3864485524772348      	   2.0768904484059942
   1.0000000000000000      	   1.3869280495414495      	   2.0764878426191711
   1.0000000000000000      	   1.3869283621354440      	   2.0764906551522597
   1.0000000000000000      	   1.3091285822881988      	   1.5439085151723453
   1.0000000000000000      	   1.3092022844092250      	   1.5438289905288802
   1.0000000000000000      	   1.3107123396329232      	   1.5421587654264968
   1.0000000000000000      	   1.3106854842778310      	   1.5421902862607066
   1.0000000000000000      	   1.3117036381350236      	   1.5410693732962002
   1.0000000000000000      	   1.3108280309377167      	   1.5420363104658892
   1.0000000000000000      	   1.3120569140705554      	   1.5406862219051898
   1.0000000000000000      	   1.3117714614353115      	   1.5410008824948020
   1.0000000000000000      	   1.3129868824637279      	   1.5396796550883398
   1.0000000000000000      	   1.3142130199205329      	   1.5382913509257359
   1.0000000000000000      	   1.3168269064304323      	   1.5352324142700482
   1.0000000000000000      	   1.3241457953841971      	   1.5268360634342311
   1.0000000000000000      	   1.3181276668392736      	   1.5336961030261593
   1.0000000000000000      	   1.3211853748092866      	   1.5300892084904087
   1.0000000000000000      	   1.3210351974512005      	   1.5302637996199804
   1.0000000000000000      	   1.3203701082795054      	   1.5310430231566230
   1.0000000000000000      	   1.3287497686301906      	   1.5221948251737147
   1.0000000000000000      	   1.3416050529188859      	   1.5101880766418450
   1.0000000000000000      	   1.3307913355283048      	   1.5202027677360850
   1.0000000000000000      	   1.3301512601880043      	   1.5208330928373039
   1.0000000000000000      	   1.3280443134643420      	   1.5228880579323303
   1.0000000000000000      	   1.3273664698995600      	   1.5235574101483274
   1.0000000000000000      	   1.3404791551566737      	   1.5111699950703394
   1.0000000000000000      	   1.3238148560961902      	   1.5272205528527218
   1.0000000000000000      	   1.3263677934015936      	   1.5245664437925095
   1.0000000000000000      	   1.3251260640203937      	   1.5258439846764165
   1.0000000000000000      	   1.3270824916461916      	   1.5238530311829706
   1.0000000000000000      	   1.3280614597904199      	   1.5228896611165899
   1.0000000000000000      	   1.3345980622471409      	   1.5165614923290032
   1.0000000000000000      	   1.3233257600585593      	   1.5277617916234874
   1.0000000000000000      	   1.3252919409999735      	   1.5256850255441996
   1.0000000000000000      	   1.3265325532145589      	   1.5244181802924863
   1.0000000000000000      	   1.3513015022792267      	   1.5026891168597243
   1.0000000000000000      	   1.3252401888843093      	   1.5257465946762609
   1.0000000000000000      	   1.3383051897320570      	   1.5131304002131334
   1.0000000000000000      	   1.3443189895151142      	   1.5079846862527195
   1.0000000000000000      	   1.3992322588653090      	   1.4751930247240490
   1.0000000000000000      	   1.3738941457364209      	   1.4882138034718457
   1.0000000000000000      	   1.3380358084021373      	   1.5133863615975567
   1.0000000000000000      	   1.3377071230065429      	   1.5136902867256048
   1.0000000000000000      	   1.3341386825445642      	   1.5170304547351681
   1.0000000000000000      	   1.3377362783511073      	   1.5136689224155033
   1.0000000000000000      	   1.3600148279288986      	   1.4967099433836430
   1.0000000000000000      	   1.3628947944614394      	   1.4948408621328397
   1.0000000000000000      	   1.3458582254971883      	   1.5067832431499266
   1.0000000000000000      	   1.3652075822296617      	   1.4933786025152171
   1.0000000000000000      	   1.3476338607581488      	   1.5054218156751566
   1.0000000000000000      	   1.3585629195421491      	   1.4976856411638870
   1.0000000000000000      	   1.3491674419990134      	   1.5042852179806345
   1.0000000000000000      	   1.3496647758843194      	   1.5039232237349758
   1.0000000000000000      	   1.3666806369593867      	   1.4924814251359839
   1.0000000000000000      	   1.3670204938703048      	   1.4922763733458180
   1.0000000000000000      	   1.3787782736631033      	   1.4855552108493506
   1.0000000000000000      	   1.3741319708273649      	   1.4881171871182921
   1.0000000000000000      	   1.3748737096153469      	   1.4877029520782301
   1.0000000000000000      	   1.4291928340038296      	   1.4607747694369531
   1.0000000000000000      	   1.3817188695556135      	   1.4840015802433688
   1.0000000000000000      	   1.3910452611879647      	   1.4792647883805723
   1.0000000000000000      	   1.5281794918454294      	   1.4108916082712832
   1.0000000000000000      	   1.6968318813430274      	   1.1985988277512258
   1.0000000000000000      	   1.5888616181016426      	   1.3753887196884440
   1.0000000000000000      	   1.6064732440448561      	   1.3621746847149070
   1.0000000000000000      	   1.6446710479426132      	   1.3197259959491898
   1.0000000000000000      	   1.5466370334262922      	   1.4009801555491039
   1.0000000000000000      	   1.4783258385611853      	   1.4365205661141822
   1.0000000000000000      	   1.5916525062386413      	   1.3734246246688622
   1.0000000000000000      	   1.7293061129697647      	   1.1395963136114686
   1.0000000000000000      	   1.8456055682177133      	  0.88854908158042334
   1.0000000000000000      	   1.7030630330125429      	   1.1855456503069264
   1.0000000000000000      	   1.7480593300779335      	   1.1091488008385639
   1.0000000000000000      	   1.7745105675075799      	   1.0607759939141765
   1.0000000000000000      	   1.7862301677292169      	   1.0354745505730958
   1.0000000000000000      	   1.7849618608682127      	   1.0383290648000589
   1.0000000000000000      	   1.8560735420073335      	  0.86547827848490300
   1.0000000000000000      	   1.8630771165624582      	  0.84574605281599458
   1.0000000000000000      	   1.8671644416695918      	  0.83156092354699518
   1.0000000000000000      	   1.8703770170547502      	  0.82051642231603195
   1.0000000000000000      	   1.8712782342017793      	  0.81755400797691635
   1.0000000000000000      	   1.8740982360286873      	  0.80857271384838525
   1.0000000000000000      	   1.8775582595138203      	  0.79818247598744230
   1.0000000000000000      	   1.8749940899833977      	  0.80584338431927782
   1.0000000000000000      	   1.8715106701247548      	  0.81685906711298695
   1.0000000000000000      	   1.8751503008369743      	  0.80539536864946337
   1.0000000000000000      	   1.8780394203380222      	  0.79685409834258991
   1.0000000000000000      	   1.8872573521527842      	  0.77131212920828107
   1.0000000000000000      	   1.8854112972490031      	  0.77660712959569633
   1.0000000000000000      	   1.8849310917640438      	  0.77795642865612991
   1.0000000000000000      	   1.8887130857854868      	  0.76693946147035352
   1.0000000000000000      	   1.8905276235100366      	  0.76101652343329218
   1.0000000000000000      	   1.8829337333292315      	  0.78345809046782533
   1.0000000000000000      	   1.8858273587532439      	  0.77549939988279548
   1.0000000000000000      	   1.8841971118783043      	  0.78004044780892168
   1.0000000000000000      	   1.8807236677432480      	  0.78948712181199765
   1.0000000000000000      	   1.8855240153389579      	  0.77638879653935944
   1.0000000000000000      	   1.8861310310120587      	  0.77468828808864898
   1.0000000000000000      	   1.8877981423509804      	  0.76984602821472647
   1.0000000000000000      	   1.8887516617260047      	  0.76693636194846504
   1.0000000000000000      	   1.8873690356373507      	  0.77114597890351966
   1.0000000000000000      	   1.8923883172359144      	  0.75415164405519908
   1.0000000000000000      	   1.8876316749666850      	  0.77039288248965399
   1.0000000000000000      	   1.8937019289730190      	  0.74809049498451141
   1.0000000000000000      	   1.8923033256658268      	  0.75455344333347762
   1.0000000000000000      	   1.8931969655243228      	  0.75062921397860327
   1.0000000000000000      	   1.8930143959103938      	  0.75149733617298131
   1.0000000000000000      	   1.8941372953294136      	  0.74581576524259319
   1.0000000000000000      	   1.8916309654397707      	  0.75727307737626937
   1.0000000000000000      	   1.8924826215044708      	  0.75388599642930954
   1.0000000000000000      	   1.8940173393352169      	  0.74654625720620227
   1.0000000000000000      	   1.8944666259718672      	  0.74397641886741517
   1.0000000000000000      	   1.8947321996014708      	  0.74234088514015450
   1.0000000000000000      	   1.8968869147839624      	  0.72443698909602994
   1.0000000000000000      	   1.8963984415964479      	  0.72933786596400230
   1.0000000000000000      	   1.8945503726504402      	  0.74355406370212884
   1.0000000000000000      	   1.8942362788742586      	  0.74544096886477573
   1.0000000000000000      	   1.8964371313364954      	  0.72906842444047315
   1.0000000000000000      	   1.8964058117842393      	  0.72939409758545470
   1.0000000000000000      	   1.8958060955732012      	  0.73468394164532014
   1.0000000000000000      	   1.8961988472394533      	  0.73135051151154251
   1.0000000000000000      	   1.8963946174917321      	  0.72959300617199574
   1.0000000000000000      	   1.8966852047244971      	  0.72681902104392238
   1.0000000000000000      	   1.8970514595239529      	  0.72299512070566418
   1.0000000000000000      	   1.8968765324437811      	  0.72492565277174803
   1.0000000000000000      	   1.8977616176524590      	  0.71316252019550852
   1.0000000000000000      	   1.8973956553031905      	  0.71895203693829035
   1.0000000000000000      	   1.8974996048503661      	  0.71756873753702644
   1.0000000000000000      	   1.8976365970300302      	  0.71553509681236127
   1.0000000000000000      	   1.8975712219546703      	  0.71660775467164362
   1.0000000000000000      	   1.8977924799262005      	  0.71284934204071015
   1.0000000000000000      	   1.8978051474645750      	  0.71265128877000927
